name: maze-game
channels:
  - conda-forge
  - defaults
dependencies:
  - anyio=3.7.0=pyhd8ed1ab_1
  - bzip2=1.0.8=h8ffe710_4
  - ca-certificates=2023.5.7=h56e8100_0
  - click=8.1.3=win_pyhd8ed1ab_2
  - colorama=0.4.6=pyhd8ed1ab_0
  - dlib=19.24.1=py310h2bebc3e_0
  - exceptiongroup=1.1.1=pyhd8ed1ab_0
  - fastapi=0.95.2=pyhd8ed1ab_0
  - h11=0.14.0=pyhd8ed1ab_0
  - idna=3.4=pyhd8ed1ab_0
  - intel-openmp=2023.1.0=h57928b3_46319
  - libblas=3.9.0=16_win64_mkl
  - libcblas=3.9.0=16_win64_mkl
  - libffi=3.4.2=h8ffe710_5
  - libhwloc=2.9.1=h51c2c0f_0
  - libiconv=1.17=h8ffe710_0
  - libjpeg-turbo=2.1.5.1=hcfcfb64_0
  - liblapack=3.9.0=16_win64_mkl
  - libpng=1.6.39=h19919ed_0
  - libsqlite=3.42.0=hcfcfb64_0
  - libxml2=2.10.4=hc3477c8_0
  - libzlib=1.2.13=hcfcfb64_4
  - mkl=2022.1.0=h6a75c08_874
  - numpy=1.24.3=py310hd02465a_0
  - openssl=3.1.1=hcfcfb64_1
  - pip=23.1.2=pyhd8ed1ab_0
  - pthreads-win32=2.9.1=hfa6e2cd_3
  - pydantic=1.10.8=py310h8d17308_0
  - python=3.10.11=h4de0772_0_cpython
  - python_abi=3.10=3_cp310
  - setuptools=67.7.2=pyhd8ed1ab_0
  - sniffio=1.3.0=pyhd8ed1ab_0
  - starlette=0.27.0=pyhd8ed1ab_0
  - tbb=2021.9.0=h91493d7_0
  - tk=8.6.12=h8ffe710_0
  - typing-extensions=4.6.2=hd8ed1ab_0
  - typing_extensions=4.6.2=pyha770c72_0
  - tzdata=2023c=h71feb2d_0
  - ucrt=10.0.22621.0=h57928b3_0
  - uvicorn=0.22.0=py310h5588dad_0
  - vc=14.3=hb25d44b_16
  - vc14_runtime=14.34.31931=h5081d32_16
  - vs2015_runtime=14.34.31931=hed1258a_16
  - websockets=11.0.3=py310h8d17308_0
  - wheel=0.40.0=pyhd8ed1ab_0
  - xz=5.2.6=h8d14728_0
  - pip:
      - opencv-python==4.7.0.72
prefix: D:\miniconda3\envs\maze-game
